-537.774719 1121.404297
-527.879761 1126.337891
-510.990967 1116.773560
-491.752930 1101.575439
-479.102234 1099.750854
-472.273499 1110.555542
-458.045471 1104.849487
-445.534882 1102.656128
-433.486755 1101.252319
-420.363770 1096.946411
-408.092804 1094.354614
-33.716530 185.067612
-254.945618 1081.794800
-251.314758 1107.523193
-235.847382 1086.645264
-223.058472 1075.317871
-217.329498 1094.087402
-208.533844 1100.134521
-193.746017 1077.719482
-187.561905 1096.325928
-173.795593 1076.590210
-165.195282 1083.269287
-154.800552 1080.025146
-143.673859 1071.747925
-134.531479 1075.221069
-124.767929 1074.657959
-115.566315 1077.970703
-105.814072 1077.237427
-96.320999 1078.402954
-86.818115 1079.485718
-77.306129 1080.485596
-67.785782 1081.402222
-57.926559 1078.249512
-48.130051 1075.008179
-38.920227 1079.661987
-29.635300 1084.237305
-19.700207 1076.747070
-9.547268 1060.174316
-0.848061 1081.490601
9.136257 1060.745239
18.258522 1077.906860
27.831257 1059.989868
37.173103 1060.989868
46.780750 1080.906616
55.841923 1059.745361
65.206741 1060.500366
74.508003 1059.175171
83.644684 1054.772339
93.954979 1072.256592
102.219727 1053.717651
111.277328 1050.077026
120.525124 1049.349121
130.406723 1055.511230
139.300476 1050.636475
139.080673 963.181152
138.380936 822.292175
147.932404 838.181213
152.316345 816.358948
160.587891 822.200378
170.899353 839.803833
173.906830 812.939331
183.218185 823.482483
189.553238 817.223267
196.766052 815.821228
203.966354 814.356323
214.124084 826.509888
218.327225 811.238220
225.486725 809.585388
233.819946 812.726746
241.976440 814.815552
250.439270 817.791382
259.758972 823.576294
264.853027 813.861755
270.634491 807.002380
279.196014 809.681091
291.084259 822.777466
293.463867 805.250793
303.073547 810.540100
310.223694 808.147644
317.352722 805.692932
324.460022 803.176086
331.545135 800.597351
341.441772 805.437927
350.358185 807.370911
355.626099 799.921997
369.875916 814.656616
377.059479 811.681030
380.269318 799.455078
394.972015 813.780273
398.861206 803.291687
404.688507 797.339294
412.572754 795.869507
425.238525 804.231201
430.559814 797.185486
442.989777 804.396790
449.165283 799.005615
462.727814 807.728577
467.007446 798.657715
474.528687 795.711914
481.542938 791.823853
491.004059 792.215759
504.032440 798.550049
509.536469 791.826233
518.071777 790.197571
525.036255 785.929688
531.963196 781.601257
539.934082 778.894592
546.799072 774.436462
558.625000 777.401733
565.476257 772.780457
574.566956 771.386230
605.479065 771.444824
621.849731 779.235046
626.293396 770.877991
637.982910 771.992004
652.213074 776.102234
667.812378 781.582825
675.328613 776.782959
681.530579 770.374512
698.653870 776.892639
704.189819 769.534363
699.757996 750.861877
699.047546 736.803406
692.091797 716.153992
695.688293 707.433105
696.442322 695.791504
698.427063 685.636475
695.401001 670.486877
966.240356 613.905334
971.649414 605.733276
4274.057129 2614.755127
4261.749023 2556.371338
4255.623047 2502.494385
4252.336426 2450.935791
4252.814453 2402.108398
4251.890625 2352.972412
4229.391113 2292.493408
4207.041016 2233.061768
4245.926270 2206.790527
4223.327148 2148.417725
4220.571289 2100.961670
4216.411133 2053.276855
4212.640625 2006.260498
4208.369629 1959.467896
4199.969238 1911.229736
4216.576172 1874.788818
4176.115234 1813.234375
4177.166992 1770.689575
4192.548828 1734.453125
4184.474609 1688.617798
4180.563477 1644.909668
4175.274902 1601.037231
4187.306152 1564.115112
4179.305664 1519.837402
4169.909668 1475.481934
4205.373535 1447.232788
4193.311035 1402.405029
4182.685059 1358.525879
4129.706543 1301.526367
4130.490723 1262.459961
4141.438477 1226.650146
4143.433594 1188.227905
4113.310547 1140.907471
4121.268555 1104.726440
4171.457031 1079.696289
4156.577637 1037.382324
4139.334473 994.935913
4150.867676 959.746948
4111.381836 912.956787
4116.348633 876.690552
4067.146484 829.207642
4074.316162 793.967346
4082.160645 758.852051
4088.715820 723.483276
4094.962402 688.058594
4077.211182 648.723083
4106.526367 617.052612
4087.101807 577.889282
4092.077637 542.484314
4120.552734 510.065979
4076.274902 468.612335
4105.148926 436.027588
4033.268555 392.856262
4086.421875 362.503113
4039.689941 322.971832
4044.437744 288.138458
4071.833008 254.751862
4403.938477 -919.260376
4440.789062 -967.133423
4406.910156 -999.828003
4374.744629 -1032.463013
4387.026367 -1075.545898
3969.343994 -1046.484497
3935.064697 -1073.961304
3924.669189 -1107.705200
3913.981689 -1141.348755
3927.900391 -1182.382446
3918.476074 -1216.627686
3908.750732 -1250.797729
3921.518066 -1292.405884
3910.178955 -1326.294678
3924.979004 -1369.314453
3908.262939 -1401.541138
3925.055908 -1446.039673
2376.636719 -1349.784546
2373.494141 -1375.227417
2354.616211 -1391.513916
2383.507568 -1436.626465
2370.968506 -1457.088379
2398.000732 -1502.519775
2396.660645 -1530.679321
2384.136719 -1551.800659
2370.592529 -1572.263428
2362.656738 -1596.547119
2352.009521 -1619.100830
2382.794434 -1671.023926
2233.488525 -1594.485107
2363.452881 -1814.816528
2346.828857 -1834.469849
2356.555664 -1875.251953
2353.354736 -1906.218018
2348.251709 -1935.990234
2336.698975 -1960.648315
2341.557861 -1999.611816
2324.859619 -2020.345459
2322.895996 -2054.256836
2351.603271 -2116.525146
2325.789307 -2129.894775
2317.399658 -2159.418945
2299.278076 -2179.968018
561.830200 -745.286072
569.146606 -844.310669
553.841431 -836.276123
553.451843 -851.848694
557.498596 -875.170776
552.485046 -884.016357
552.394775 -901.478271
557.993347 -929.422607
550.438538 -934.845825
547.158020 -948.097595
541.791931 -957.838440
551.660217 -996.761230
549.439636 -1013.700378
543.361755 -1023.531128
551.304688 -1062.031738
546.883179 -1076.426636
537.557434 -1080.874878
536.147705 -1102.496216
532.344849 -1119.614380
538.752625 -1160.546631
531.456177 -1171.352051
529.036865 -1194.106079
525.121826 -1214.128174
527.564697 -1250.889526
526.503052 -1280.326782
522.484497 -1303.291992
500.194489 -1387.783325
484.082214 -1379.466064
479.735931 -1407.164673
463.967987 -1399.554077
451.825592 -1403.266357
439.931061 -1407.832520
425.274353 -1402.672729
413.106171 -1406.047363
402.945862 -1417.051880
384.991516 -1397.938599
372.628540 -1399.990479
355.901764 -1383.438110
343.904083 -1386.208008
330.609619 -1383.009644
319.838501 -1391.433228
306.601929 -1388.003296
293.074066 -1382.483276
281.976868 -1389.625122
269.081238 -1386.821777
255.128464 -1376.989990
245.168518 -1391.729370
230.376328 -1374.729248
218.863998 -1379.376709
206.906982 -1380.950928
194.819153 -1381.427490
182.518570 -1379.809570
172.562927 -1400.966064
158.497726 -1381.223511
146.526917 -1382.270630
134.176849 -1378.227295
121.709869 -1371.079712
110.509285 -1383.786987
98.326004 -1380.420044
86.050392 -1372.948486
74.612617 -1388.356689
62.408211 -1380.673706
50.445839 -1380.882568
38.447189 -1372.987183
26.622635 -1356.987183
14.671967 -1371.883301
2.788136 -1371.675903
-9.062912 -1370.365234
-21.128914 -1374.946899
-33.038124 -1374.426880
-43.751801 -1352.836792
-56.055832 -1361.100952
-67.917000 -1361.273926
-79.705116 -1360.346313
-93.131721 -1377.240112
-105.058212 -1376.091919
-115.014618 -1356.946411
-126.763184 -1355.607788
-140.771179 -1372.022705
-152.650330 -1370.458862
-161.932510 -1350.977661
-173.475067 -1348.241577
-188.038803 -1364.159058
-201.202301 -1370.067383
-210.570877 -1354.199585
-220.426590 -1342.202759
-233.017944 -1344.848877
-244.860077 -1343.459839
-258.183411 -1348.806641
-269.855499 -1346.218994
-282.650543 -1348.396484
-294.318115 -1345.595337
-306.206940 -1343.661743
-317.832275 -1340.655273
-329.430969 -1337.547485
-340.187775 -1331.451050
-353.104401 -1332.948853
-370.398407 -1348.684814
-377.023926 -1328.882568
-387.907867 -1323.353760
-401.231903 -1325.333252
-412.693665 -1321.498291
-428.407532 -1329.836426
-439.907593 -1325.764038
-453.102234 -1326.282471
-464.570312 -1321.994873
-476.000549 -1317.607056
-498.138306 -1340.055298
-499.880005 -1311.310059
-513.535889 -1312.147827
-535.931152 -1333.059326
-543.830505 -1319.810791
-558.935181 -1322.937378
-570.370056 -1317.726196
-571.521362 -1290.708496
-582.240051 -1284.488037
-602.184265 -1297.012329
-613.391235 -1291.424805
-636.453796 -1308.854126
-2057.177979 -3981.824707
