-31.216640 189.050735
-334.428528 1335.878296
-322.669739 1339.029175
-310.145386 1339.169434
-299.784912 1347.936279
-287.922180 1350.784058
-274.490143 1346.701172
-262.214783 1347.374023
-250.358398 1349.894165
-238.480469 1352.310791
-222.478363 1333.009644
-214.307709 1354.864502
-202.387772 1356.966309
-186.431366 1334.289185
-174.692047 1336.148438
-163.510956 1341.863892
-151.841248 1344.513672
-142.537979 1365.910889
-127.468414 1341.566284
-115.667816 1342.910645
-104.356903 1349.126953
-91.759201 1342.302979
-79.953545 1343.335938
-68.139328 1344.265747
-56.317451 1345.092407
-44.148651 1339.825684
-32.366425 1340.443115
-20.814842 1346.953003
-8.788071 1341.369507
15.964314 747.819641
22.970772 717.937683
29.354053 710.993164
35.645943 710.993164
42.029224 717.937683
48.533939 724.825073
54.518269 710.663757
60.884850 712.442566
67.092232 710.169678
73.375504 709.840393
80.113480 716.441345
86.450974 715.998169
92.784378 715.499695
98.655670 709.966980
105.436905 714.337097
111.755081 713.673035
117.479538 707.988525
124.372849 712.179626
130.671478 711.350342
136.962631 710.466248
143.854309 713.480591
149.520584 708.533386
155.786438 707.484802
164.712051 721.142212
169.035599 709.153625
175.891388 710.877197
183.602173 716.451782
190.148010 716.082703
197.581696 719.556091
203.941895 718.087646
208.387573 708.793152
216.868820 715.953979
223.960663 717.218567
230.299469 715.520081
236.623215 713.766357
243.770905 714.837646
253.834747 725.414795
257.575043 714.860168
263.892029 712.868408
270.191315 710.821594
277.758301 712.507751
285.702393 715.060364
292.020020 712.823181
296.587311 705.839966
308.492737 718.470337
315.564117 717.898132
321.164246 713.542664
329.360535 715.623779
334.907959 711.161194
341.189697 708.494751
349.058899 709.434875
355.325012 706.644958
366.590485 714.698242
370.342438 706.328491
379.187317 708.757202
391.196136 717.363831
397.529846 714.205933
400.172760 703.880798
411.044617 709.494995
422.515411 715.853943
425.948822 707.162476
435.123901 708.936768
442.871033 708.000427
457.685242 719.077209
457.384583 704.166748
467.750763 707.271118
477.676971 709.397949
486.605988 709.714417
502.065826 720.021912
502.387329 706.697266
511.957153 707.558228
521.014648 707.479980
530.107178 707.297791
540.387817 708.644592
548.976685 707.431396
560.539551 710.155029
568.598877 707.923401
581.501648 711.973816
587.781128 707.155457
596.494568 705.423706
607.097778 705.933960
627.178223 705.022888
639.210449 706.675293
655.232849 712.716980
661.515930 707.255249
671.746460 706.215088
679.989258 702.830017
696.367126 708.167480
713.571960 714.000732
721.938538 710.196899
740.059509 716.330200
736.514771 700.185425
757.599304 708.799011
758.830200 697.559570
777.257263 702.950012
791.462585 703.960693
837.857300 721.535095
831.527405 703.159241
1637.577881 1348.798706
1677.052734 1357.760010
1709.834595 1360.439697
1709.251587 1335.735596
1750.773438 1344.577515
1804.435425 1361.978882
1816.340576 1346.463867
1837.724854 1338.025391
1878.451660 1343.507812
1940.510498 1363.571045
1955.690918 1349.177002
2000.344360 1355.142334
2017.142090 1341.294800
2066.274658 1348.924805
2119.033936 1357.991699
2140.984863 1346.223022
2158.659668 1331.506958
2202.599121 1332.897949
2257.835449 1340.366821
2270.394043 1321.407227
2345.851562 1339.106812
1249.728638 -1077.480835
1195.603394 -1048.109497
1194.642578 -1065.615967
1159.685059 -1051.959229
1150.549316 -1061.755859
1128.326172 -1059.025391
1094.059570 -1044.125488
1078.603149 -1047.013672
1058.953491 -1045.450317
990.287842 -1046.129028
978.520142 -1051.486938
981.381348 -1073.131714
965.474365 -1073.853394
949.627441 -1074.378784
937.719727 -1079.288696
905.334229 -1059.469116
889.183044 -1058.527588
888.137390 -1076.102051
868.895996 -1070.963135
851.646729 -1067.942627
842.383362 -1075.050659
815.706909 -1058.841309
800.019897 -1056.765137
786.182068 -1056.930420
776.440186 -1062.651001
767.795837 -1069.924561
758.518372 -1076.300781
741.963196 -1071.786743
723.897766 -1064.556885
722.783447 -1083.165771
695.249268 -1060.393921
681.848022 -1059.334717
676.816406 -1071.800537
658.322693 -1061.913452
649.119324 -1067.334717
643.342468 -1078.752808
625.686218 -1069.210083
614.015381 -1069.962646
600.483643 -1067.068970
590.306213 -1070.215210
581.032959 -1075.042480
571.717957 -1079.788818
550.862366 -1061.134888
541.669922 -1065.618408
531.158875 -1067.308105
521.913208 -1071.619385
506.880280 -1063.085205
501.297150 -1075.422485
493.955536 -1084.066895
471.030273 -1055.775879
461.887543 -1059.562988
455.306030 -1069.771606
443.504761 -1066.896973
434.266052 -1070.443359
423.266205 -1069.218018
414.007996 -1072.587769
406.369202 -1080.597046
391.869324 -1068.667969
382.617157 -1071.763550
371.813965 -1070.016602
365.219666 -1081.532349
355.856232 -1084.395020
346.468170 -1087.176025
335.156097 -1083.137573
325.779816 -1085.737915
312.816772 -1074.717651
306.714783 -1089.723267
293.003723 -1074.590942
289.433655 -1101.158203
275.487854 -1083.851929
265.046722 -1081.045288
254.469513 -1077.159546
245.733734 -1081.998413
235.811188 -1080.870972
230.551163 -1105.237305
217.090973 -1084.256104
206.905685 -1080.891113
197.553879 -1082.372192
188.332993 -1084.761475
179.892075 -1093.016357
169.425873 -1086.325317
160.968384 -1095.423828
150.620560 -1088.551147
140.602921 -1083.571045
131.230255 -1084.473511
122.346909 -1091.273560
112.463058 -1086.032959
103.069984 -1086.689819
93.558136 -1085.267822
84.172447 -1085.759766
74.861343 -1088.168091
65.634293 -1094.493896
56.365490 -1103.739746
46.623676 -1088.907471
37.234196 -1094.989624
27.765808 -1094.989624
18.376331 -1088.907471
8.634514 -1103.739746
-0.328896 -1084.498535
-8.879845 -1063.187378
-18.068943 -1062.786255
-28.784901 -1089.261475
-38.462395 -1092.677002
-47.907715 -1092.016479
-57.760941 -1096.256470
-67.236771 -1095.427490
-77.005554 -1097.500610
-86.164894 -1093.521484
-95.968369 -1095.423828
-105.056885 -1091.285400
-113.813263 -1085.089478
-123.906952 -1088.720093
-133.314484 -1087.313965
-146.406479 -1108.526855
-153.107056 -1090.169434
-161.992279 -1085.556519
-172.862976 -1091.677856
-181.319000 -1084.940674
-191.709564 -1087.929077
-206.412064 -1110.362183
-213.136246 -1095.556030
-224.433624 -1101.158203
-236.322754 -1108.587891
-243.437836 -1096.507812
-252.908783 -1094.058472
-262.357971 -1091.526489
-271.784760 -1088.912476
-282.867310 -1091.976196
-297.484741 -1106.419189
-307.040131 -1103.497803
-315.045288 -1095.731323
-328.264740 -1104.053467
-335.548187 -1094.234985
-344.995789 -1090.982056
-358.469635 -1098.940796
-366.226868 -1090.796387
-385.209137 -1112.524414
-389.740295 -1095.789185
-399.199402 -1092.063232
-411.654846 -1095.658936
-423.432220 -1097.274902
-432.903046 -1093.254883
-445.963074 -1097.390137
-460.362610 -1104.114502
-474.496918 -1109.761475
-482.368469 -1101.677368
-492.309875 -1098.043579
-503.111572 -1096.112793
-514.369629 -1094.969482
-526.564026 -1095.489990
-537.877808 -1094.109741
-560.569580 -1113.756104
-560.559204 -1091.004150
-650.525696 -1113.757202
-652.127441 -1095.068848
-679.963379 -1117.648438
-686.312439 -1106.371094
