-594.556091 1319.549072
-579.580566 1317.705322
-571.667480 1331.202026
-556.315674 1328.185303
-540.273376 1323.166138
-526.297302 1322.580444
-511.996704 1320.927246
-488.503784 1295.906250
-342.630707 1320.113159
-331.535217 1325.265747
-319.869141 1328.391602
-307.683868 1329.477173
-295.744202 1331.423462
-281.275360 1322.556274
-271.400391 1333.046387
-257.546875 1325.874878
-245.674652 1327.376221
-232.042480 1319.944824
-218.374847 1311.395874
-208.791443 1324.359131
-199.170105 1338.240723
-182.573547 1310.601074
-172.258087 1320.334717
-161.645508 1328.998413
-150.088150 1331.632324
-139.887802 1345.078857
-126.998260 1337.593994
-113.055023 1319.053345
-101.451447 1320.272949
-88.373642 1305.458374
-76.889648 1306.463135
-65.397316 1307.367432
-53.897530 1308.171631
-42.391174 1308.875366
-30.879120 1309.478760
-19.362221 1309.981567
-7.841377 1310.383911
3.682541 1310.685669
15.208641 1310.886841
26.736061 1310.987427
38.268288 1311.987427
49.843712 1314.886475
61.382908 1313.685059
72.932983 1313.382446
84.401482 1310.980835
95.927094 1310.477661
108.354950 1325.848022
118.962936 1309.169556
130.619644 1310.359253
143.297379 1323.404663
153.556641 1307.449951
165.148987 1307.338379
176.530884 1305.136597
192.233337 1339.580078
201.354218 1317.302612
214.009354 1323.705566
225.641068 1322.070801
237.258057 1320.334595
248.859497 1318.497070
261.968567 1325.428467
273.613525 1323.375244
283.374817 1311.395752
297.627747 1322.887207
310.878296 1328.355225
324.880859 1336.624512
332.427826 1315.490234
343.983337 1312.822510
355.515137 1310.053955
372.437714 1328.507935
381.050049 1313.885986
392.589752 1310.793945
406.544952 1316.263428
419.223694 1316.788940
430.787231 1313.363647
442.320465 1309.837646
456.261383 1313.830200
465.605560 1303.433838
479.622284 1307.179810
490.769989 1302.283813
504.907593 1305.764038
518.448364 1307.220581
529.924622 1302.929810
541.725464 1299.471069
555.356567 1300.550293
580.025879 1328.331543
579.695984 1294.914429
600.141663 1311.221802
614.468994 1312.625122
625.988770 1307.496094
643.324585 1314.980957
652.304382 1304.173340
666.790100 1305.019409
679.126038 1301.227905
693.694641 1301.786133
708.321899 1302.189331
727.662476 1311.286499
751.945923 1328.953979
750.135254 1298.076294
772.761169 1311.831543
796.673462 1327.026245
810.830811 1324.625977
822.447815 1317.782959
836.598511 1315.113403
845.500488 1303.794189
875.077332 1325.404297
885.075745 1315.477539
898.255005 1310.495850
931.968201 1336.149414
935.239136 1315.849976
955.324768 1320.246460
968.629517 1314.592651
981.905762 1308.807739
1005.795654 1317.407837
1025.718872 1320.081421
1037.288086 1311.363403
1027.965332 1275.661255
1023.669434 1247.292358
1028.344238 1230.796265
1039.134155 1222.058594
1033.222046 1193.237549
1018.155273 809.760803
1017.527466 794.801270
1020.613647 783.044983
1021.213989 769.439270
1027.978271 760.781616
1017.950500 739.353943
1016.439697 724.742615
1019.588257 713.763000
1022.620361 702.784607
1025.536133 691.808533
1022.584595 676.846069
1020.274780 662.551941
4051.542969 -1068.125732
3998.740723 -1091.321289
3009.439697 -1078.830566
3040.341553 -1119.651245
2011.272339 -1095.591675
1948.501221 -1083.012207
1311.852783 -1074.026489
1291.833496 -1076.104614
1274.906616 -1080.526001
1246.721313 -1074.843506
1238.874878 -1086.730591
1225.731689 -1093.855347
1190.526611 -1080.468750
1173.857178 -1083.681763
1160.832520 -1090.143433
1147.065918 -1095.761963
1134.707642 -1102.630981
1093.450317 -1080.249390
1080.581299 -1085.885498
1071.152588 -1094.990723
1051.367188 -1093.087646
1033.052246 -1092.391357
1014.155640 -1090.718506
974.056702 -1064.925171
972.067810 -1081.371826
955.502319 -1081.196899
959.687927 -1105.238647
929.632935 -1088.685059
915.756592 -1091.052002
903.159607 -1094.819458
893.659729 -1102.375854
884.094238 -1109.849243
859.331604 -1097.338867
851.606384 -1106.916504
835.498596 -1105.151855
813.057556 -1094.262939
796.640259 -1091.233398
784.895752 -1094.573975
777.653687 -1104.404785
760.852600 -1100.056641
748.570984 -1102.189697
739.012634 -1108.396851
714.459351 -1090.840088
708.158752 -1101.852295
689.266968 -1092.318481
674.684143 -1089.414551
671.789185 -1106.207275
652.274414 -1094.380371
643.276550 -1100.619995
627.964111 -1095.387695
626.989502 -1116.398682
603.343445 -1094.994751
595.684937 -1103.491089
578.919495 -1094.076416
569.438477 -1098.803589
557.744324 -1098.944214
548.221619 -1103.486206
531.961121 -1093.414795
531.112671 -1116.879150
519.420776 -1116.611572
502.245178 -1103.361572
492.686066 -1107.419189
477.790771 -1098.435669
465.311096 -1094.849609
453.653015 -1092.993164
449.146271 -1109.718994
432.265198 -1093.610962
425.159241 -1103.646484
413.292694 -1100.422852
398.298096 -1087.606445
388.880402 -1090.757690
379.435577 -1093.826416
368.778168 -1092.992554
358.161804 -1092.055664
348.986603 -1095.816406
339.227722 -1097.574463
328.936188 -1097.315308
317.654175 -1093.091553
310.653198 -1105.230957
298.708221 -1097.903076
290.579651 -1106.025024
281.667419 -1111.161377
270.138977 -1104.498779
260.375122 -1105.551880
249.245346 -1099.652466
239.728210 -1101.502441
229.483521 -1099.333008
219.969910 -1101.010620
210.120529 -1100.630981
199.075104 -1092.255859
191.202850 -1104.554565
183.128494 -1116.797241
171.697479 -1104.181519
162.143753 -1105.354492
152.906769 -1109.426392
142.306122 -1100.485596
132.785782 -1101.402222
123.257805 -1102.235840
113.648796 -1101.988892
104.181839 -1103.653442
94.635300 -1104.237305
84.988083 -1102.740112
75.489502 -1104.155762
66.031296 -1107.487915
56.365490 -1103.739746
46.820023 -1103.906250
37.273460 -1103.989624
27.726540 -1103.989624
18.179985 -1103.906250
8.634514 -1103.739746
-0.939667 -1104.489258
-10.528763 -1105.155029
-20.611790 -1115.725220
-29.578602 -1103.238892
-39.639648 -1110.638428
-49.241669 -1109.967041
-58.423416 -1104.228882
-66.321747 -1085.469238
-76.103859 -1088.545898
-87.906769 -1109.426270
-98.789276 -1119.257568
-106.949860 -1106.165527
-115.161774 -1094.998291
-125.628876 -1100.595825
-138.790924 -1122.895142
-146.084991 -1106.552979
-155.647293 -1104.952759
-165.195282 -1103.269165
-173.982101 -1097.572632
-186.001160 -1108.479492
-195.578766 -1106.531006
-205.139008 -1104.498779
-214.681122 -1102.383423
-226.038025 -1107.971802
-235.609680 -1105.673950
-245.160919 -1103.292480
-254.690979 -1100.827881
-268.933777 -1115.646240
-274.770599 -1099.499390
-288.184052 -1110.217041
-294.890961 -1097.801025
-307.336639 -1104.452881
-313.825836 -1091.921631
-327.951538 -1103.103760
-337.476837 -1099.916626
-353.897430 -1116.472412
-363.538422 -1113.058228
-368.649658 -1097.363770
-379.894745 -1098.497437
-393.727142 -1106.041260
-406.981140 -1111.568237
-417.713196 -1110.467651
-423.432220 -1097.274902
-436.850433 -1102.442749
-452.809784 -1112.950317
-457.898315 -1098.644043
-474.078308 -1108.853271
-483.648193 -1104.390747
-494.482117 -1102.546997
-503.996155 -1097.906738
-527.872559 -1121.758789
-528.853394 -1099.935059
-542.068359 -1102.074829
-551.576477 -1097.019165
-568.255005 -1105.031738
-577.787903 -1099.747437
-593.725220 -1105.666870
-609.308044 -1110.526489
-610.706665 -1091.133301
-623.748169 -1091.463501
