-419.580109 1123.147705
-251.635773 1069.223267
-242.699371 1073.600098
-234.421265 1080.817261
-222.370865 1072.397705
-208.943008 1057.024536
-201.319824 1066.908691
-189.265884 1056.180542
-181.514099 1065.921509
-170.251617 1057.923584
-160.212860 1055.716064
-151.582916 1061.299561
-141.423462 1057.930054
-129.055038 1039.640015
-119.745667 1040.020142
-113.004150 1059.144409
-100.892319 1038.549194
-91.737045 1039.673340
-82.245682 1037.735474
-72.797668 1035.711914
-63.942703 1039.578491
-52.792465 1016.462524
-43.831749 1017.167725
-34.865227 1017.794678
-26.630585 1031.322510
-16.917473 1018.813843
-7.545010 1009.213623
1.198021 1014.521851
10.139744 1014.756104
19.083164 1014.912231
28.097420 998.990479
36.933117 1005.990295
45.799030 1005.912964
54.380325 992.761292
63.099586 991.532654
71.877594 992.226685
80.430145 987.849609
89.136093 987.393311
97.641518 983.867554
106.756706 989.244751
114.976974 982.579285
123.910118 984.809143
132.287308 980.988647
139.625000 968.151489
149.567245 979.096252
156.932190 968.116882
166.811523 976.902466
173.696747 963.816956
182.493652 964.524475
190.992157 963.178467
198.293152 954.859436
210.977386 976.992798
216.226181 957.713684
223.493439 950.188782
233.087128 954.359802
243.828964 963.322205
248.121399 942.909485
256.428772 940.991577
264.006042 936.087219
272.991760 936.938599
280.482300 931.902771
289.481506 932.597229
297.425873 929.356323
305.053467 925.088562
313.203156 922.674561
321.331512 920.189453
330.352417 920.490723
338.461029 917.856079
343.974854 907.575317
351.970245 904.822266
359.941315 901.999573
367.195190 897.231018
375.099426 894.275696
382.615143 890.319580
391.570160 890.016479
399.410522 886.848755
409.929901 890.068115
416.980530 884.902649
427.191772 887.005249
432.540192 878.056213
441.111938 876.347717
445.845093 866.417114
454.346344 864.578003
463.731506 864.450989
471.345978 860.654480
478.927063 856.791748
489.267822 858.172913
496.826599 854.153870
504.350006 850.068970
511.837433 845.918579
523.754395 849.516907
536.273987 853.835510
537.146301 838.234131
546.085571 836.362732
555.030396 834.399780
562.912842 830.653503
570.228638 825.992737
584.631287 832.140198
591.959229 827.289978
599.244568 822.375916
608.766724 820.685059
621.188110 822.974426
625.513428 813.747620
638.592407 816.605713
655.954224 824.906494
650.505249 802.718140
660.022766 800.456848
672.643188 802.017761
684.712219 802.639648
686.717346 790.721985
700.713745 793.439697
712.222412 792.920532
730.953003 800.594543
726.791138 781.687317
746.325134 789.773499
751.932495 782.033447
760.174377 777.193726
767.701416 771.542114
777.259583 767.985962
790.998230 768.620239
797.764038 761.971558
804.471497 755.263977
826.878845 763.849670
833.601624 756.888000
843.905334 753.293884
854.941284 750.256836
856.362793 738.344299
879.275146 745.775757
882.078979 735.060791
892.336304 730.882324
898.768921 723.350769
910.517395 720.239319
916.856445 712.549500
923.128113 704.804626
942.682373 707.529846
941.793030 694.049866
962.230408 696.983398
967.563232 688.244812
985.717529 688.928040
3384.609375 2024.110107
3387.622803 1986.088379
3367.768799 1935.071533
3367.251709 1895.967651
3332.280029 1837.965576
3323.732422 1795.631836
3315.579834 1754.062500
3259.165039 1687.630615
3272.967529 1658.950439
3267.762939 1620.706665
3225.366943 1564.547729
3238.985840 1536.625122
3214.373291 1490.668823
3189.205811 1445.261230
3202.696777 1418.069458
3193.070557 1380.684326
3187.629150 1345.550415
3196.571533 1316.805420
3148.794922 1264.909912
3149.584717 1233.590698
3137.018311 1197.281006
3138.084229 1166.600464
3148.233398 1139.454834
3094.145752 1089.243164
1820.604736 614.434082
1823.145020 597.842041
1754.431641 541.194702
1766.816284 528.519531
1793.473755 519.992920
1749.069214 490.334320
1753.369873 475.335541
1927.588379 453.725159
1911.122070 432.356750
1996.839478 434.484619
2009.438599 419.235413
2018.004272 402.985474
2077.437500 396.763336
2139.856201 390.094086
2156.059814 374.002167
2208.607910 363.923706
2223.632080 346.848511
2278.057373 335.624329
2329.480957 323.046387
2403.642090 312.698273
2427.200195 294.644348
2468.496826 278.319244
2503.724121 260.643066
2569.669678 245.479584
2606.655762 226.531723
2685.357178 210.435455
2724.078369 190.018829
2840.475098 174.044434
2886.901611 152.084671
2375.148682 -287.270752
2372.639893 -307.703369
2429.404785 -336.204407
2348.134033 -470.608246
2420.391846 -506.682251
5193.257324 -1130.510254
1564.635742 -2861.443115
1536.900513 -2869.395020
1496.322876 -2852.187744
1442.208252 -2806.810303
1407.575439 -2798.377197
1383.190308 -2810.270752
1345.905151 -2794.817627
1303.551025 -2767.122803
1277.388794 -2773.550781
1255.239014 -2788.885742
1222.652710 -2780.155518
1174.070801 -2732.337158
1145.726929 -2731.089111
1108.228271 -2706.334229
1082.483032 -2710.026855
1056.046753 -2711.605713
1021.010437 -2689.474365
997.252197 -2697.057373
974.096436 -2706.318115
951.495422 -2717.273193
521.399658 -5893.722656
470.036591 -5897.765137
416.612579 -5870.425781
365.456757 -5873.554688
314.275574 -5876.236328
261.855865 -5847.496094
63.915039 -2409.794434
42.980682 -2411.977051
22.014977 -2412.977295
1.137329 -2405.794678
-19.659393 -2400.431152
-40.517578 -2399.884766
-61.605774 -2405.152100
-81.735931 -2388.258057
-103.052460 -2397.154541
-122.440018 -2373.927734
-143.878204 -2383.455566
-163.589844 -2369.867188
-184.267334 -2369.061768
-205.847412 -2377.030273
-226.603149 -2375.854248
-247.121460 -2372.510010
-266.339172 -2359.067627
-286.961853 -2357.361572
-303.846710 -2329.742676
-324.077209 -2326.719482
-341.387207 -2305.753418
-364.455231 -2320.143311
-384.599670 -2316.591309
-400.981842 -2293.214844
-424.596619 -2307.979736
-444.836304 -2304.882568
-460.600922 -2281.085205
-480.621582 -2277.670898
-500.161743 -2272.133301
-519.644348 -2266.427490
-539.806396 -2263.461914
-559.449524 -2258.381836
-578.784546 -2252.165771
-598.327637 -2246.745850
-617.822632 -2241.156006
-637.268127 -2235.395752
-656.959167 -2230.421387
-676.004639 -2223.367920
-695.292725 -2217.100830
-714.846802 -2211.612793
-734.360474 -2205.951172
-758.901001 -2214.234375
-786.759033 -2230.698730
-797.603943 -2201.021973
-825.753296 -2216.994629
-835.716125 -2186.200928
-847.858032 -2161.881592
-866.602966 -2154.117188
-876.200378 -2125.057373
-904.691528 -2139.929932
-923.242798 -2131.670410
-942.558594 -2125.065674
-969.083435 -2133.660645
-978.888611 -2106.825439
-997.148071 -2097.919678
-1022.080566 -2102.249756
-1027.020264 -2067.185547
-1064.953369 -2095.916016
-1083.114502 -2086.259521
-1181.821045 -2051.090088
-1198.548950 -2038.705811
-1219.362915 -2032.987793
-1236.968872 -2021.986450
-1267.461670 -2031.016846
-1285.048706 -2019.595825
