-486.588196 1198.210571
-473.317963 1196.238892
-462.772430 1200.606934
-452.189148 1204.882812
-457.153778 1249.142700
-433.392731 1219.702759
-420.567230 1218.092529
-409.832977 1221.999390
-399.394775 1226.756714
-387.299957 1226.690796
-377.118286 1232.206543
-365.957642 1234.781372
-355.672913 1240.121094
-345.037109 1244.418457
-333.796204 1246.705322
-322.815521 1249.853882
-311.018768 1250.012329
-304.083771 1268.434814
-281.099304 1224.800293
-153.179474 1270.608887
-144.963837 1293.979614
-133.325439 1293.494629
-122.884460 1302.836548
-113.272751 1321.041504
-99.046936 1296.393799
-88.190643 1303.466797
-76.641220 1303.473389
-65.471436 1308.364746
-55.009399 1325.135254
-43.354950 1325.848145
-31.694748 1326.459106
-20.029648 1326.968506
-8.910233 1345.367432
2.919022 1345.677368
14.881401 1335.884644
26.626976 1335.987183
38.373016 1335.987183
50.393478 1356.883057
62.146427 1348.676636
74.032379 1349.365723
86.285942 1358.943848
98.661835 1367.411987
110.906120 1370.775757
122.887123 1369.041016
134.843826 1367.202515
147.023758 1368.250122
159.046738 1367.198242
171.561035 1371.016357
183.062897 1364.779907
195.994522 1371.358276
209.052368 1377.815063
226.280792 1413.874268
234.824585 1385.408569
247.146103 1384.578125
263.647827 1409.300781
271.960205 1383.576294
290.874023 1418.827148
300.535034 1401.781250
315.380981 1412.138672
327.780548 1409.615967
340.794159 1409.916870
355.159668 1415.950562
369.882996 1422.814331
381.660583 1416.901611
395.822266 1420.584839
416.694336 1449.272461
424.942596 1429.462769
442.917938 1445.232300
462.877045 1466.556763
470.558350 1445.508545
489.174042 1460.730713
503.820221 1462.403931
517.903931 1462.033691
534.909912 1470.051880
547.806519 1465.611206
565.394714 1474.234619
583.518372 1483.600586
598.657104 1484.346069
611.675964 1479.348633
635.026428 1500.244385
648.182678 1494.928833
674.440247 1520.853760
685.011597 1508.761963
711.933716 1534.130493
715.525452 1506.260254
742.128235 1529.302734
756.387207 1524.860474
778.442505 1536.498901
791.909729 1529.930420
811.170288 1534.853516
837.442383 1552.892090
854.775269 1552.888062
869.802490 1548.295776
894.912842 1561.971191
923.256531 1580.560303
937.102722 1572.726440
950.880005 1564.772217
979.414795 1581.620605
993.268127 1573.296875
1022.834595 1590.362915
1055.972656 1612.105957
1081.449463 1620.774658
1099.478638 1617.412842
1116.973145 1613.028687
1162.049438 1648.965576
1178.763550 1642.332031
1177.556152 1610.216919
1176.460815 1579.061890
1187.919189 1565.792847
1192.053101 1542.829834
1200.112061 1525.487915
1218.364868 1521.565674
1283.112915 1166.459229
1283.785522 1146.676392
1293.831665 1135.713135
1303.781738 1124.662354
1308.372192 1108.909912
1314.299927 1094.469482
1314.730469 1075.488281
1316.465942 1057.863159
1316.442993 1039.025391
1323.988770 1026.529419
1344.764648 1024.506104
4672.334961 131.759766
4620.407715 90.108521
3736.641846 -155.536133
3657.320801 -184.112625
2711.947998 -422.406494
2714.168945 -446.737579
1716.058228 -698.761841
1686.928589 -703.759460
1661.516846 -709.880859
1648.940063 -721.250671
1618.966064 -724.650818
1604.495850 -734.700073
1569.169312 -734.740295
1578.098267 -755.508057
1533.865112 -750.391357
1531.811646 -765.715271
1498.489258 -765.034058
1459.100098 -760.570618
1449.853271 -771.571411
1432.632690 -778.139099
1404.936279 -778.601196
1395.572144 -789.059937
1380.947266 -796.391235
1358.564209 -798.925232
1338.805420 -802.685547
1326.736084 -810.897583
1312.932007 -817.892395
1305.833130 -829.035400
1265.185791 -818.184265
1252.265991 -825.021484
1234.361450 -828.318359
1227.174683 -838.775269
1207.647217 -840.511963
1206.036011 -854.825012
1169.586914 -843.746582
1156.659180 -849.449463
1149.290894 -859.227539
1129.186401 -859.145386
1117.808105 -865.587830
1107.180786 -872.522583
1092.643677 -876.173645
1091.964111 -891.146912
1058.284424 -878.390686
1044.606812 -882.087097
1036.958008 -890.886047
1021.026062 -892.293213
1012.548828 -900.213684
1001.071411 -905.338196
986.666016 -907.589722
960.015320 -897.902771
952.231750 -905.963013
940.116943 -909.730835
926.598694 -911.935425
915.902771 -916.838257
901.040405 -917.289185
897.200989 -929.204163
883.037354 -930.106079
872.958496 -935.272644
856.861511 -933.619080
844.814087 -936.266663
835.394531 -941.804932
824.648010 -945.723022
810.697266 -945.680481
808.196777 -959.405457
791.745117 -955.999939
785.318237 -964.945435
772.670654 -965.943787
757.642212 -963.610474
739.719666 -957.082031
719.601807 -947.088623
714.903625 -957.918396
711.222717 -970.370422
702.816223 -976.256775
696.046997 -984.549377
678.072632 -976.167664
672.906494 -986.782227
661.112305 -987.287354
652.560059 -992.735779
647.117859 -1003.211426
631.683105 -997.423218
629.690308 -1013.786682
613.855164 -1006.866211
602.652710 -1007.560486
588.062378 -1002.027954
585.156128 -1017.359070
570.664490 -1011.572754
558.644409 -1010.036072
549.897522 -1014.589355
549.663147 -1036.032837
530.517090 -1019.878723
523.423157 -1027.789062
515.375854 -1033.843262
505.166840 -1035.293579
494.148010 -1034.820557
484.784546 -1037.894897
475.797333 -1041.802490
464.069427 -1039.176270
459.237000 -1053.084229
447.524353 -1050.266724
436.255981 -1048.256714
429.305969 -1057.351440
419.458862 -1058.897949
408.263397 -1056.587769
400.434784 -1063.603394
390.583557 -1064.880127
384.496155 -1077.461792
371.204224 -1068.111694
361.957703 -1071.027222
358.449982 -1093.013184
344.789154 -1081.415649
336.513306 -1087.949951
326.042847 -1086.702637
319.436401 -1099.860718
309.176300 -1099.415527
298.708221 -1097.903076
288.746033 -1098.238037
279.681122 -1102.383423
270.138977 -1104.498779
259.967834 -1103.593872
249.830597 -1102.594849
239.728210 -1101.502441
230.907059 -1107.205444
223.695587 -1122.692749
213.817627 -1123.331909
204.095184 -1124.871826
192.781281 -1115.440674
184.072449 -1123.733276
175.104843 -1130.965576
164.612045 -1126.208984
155.737305 -1135.271851
146.313644 -1140.284180
135.896820 -1135.259521
125.907661 -1134.125854
115.872055 -1131.906494
106.536346 -1139.576416
97.923485 -1162.143921
86.811234 -1140.696411
77.845093 -1164.109619
67.222290 -1146.469727
57.674370 -1163.725464
47.605392 -1163.901245
37.513443 -1158.989136
27.460384 -1164.989014
17.289894 -1171.900513
7.020218 -1177.722046
-3.168976 -1177.455322
-13.787315 -1188.091064
-24.593971 -1198.629639
-34.170715 -1184.108643
-44.610291 -1186.475708
-55.096230 -1188.749634
-65.379303 -1187.940430
-76.386917 -1195.007812
-87.024353 -1196.997437
-97.922516 -1200.879517
-108.309814 -1199.696045
-119.948364 -1208.342041
-132.152985 -1219.847412
-141.843536 -1212.426514
-154.003265 -1221.731201
-164.570389 -1220.057617
-175.630554 -1221.248535
-186.548492 -1221.354126
-198.603271 -1227.255981
-207.656189 -1217.346680
-222.459473 -1235.764893
-235.056030 -1242.288452
-246.902954 -1244.783447
-257.896912 -1243.271606
-268.410339 -1239.718994
-277.406982 -1230.261719
-288.807678 -1230.411987
-300.497498 -1231.420776
-321.186890 -1264.079224
-332.676880 -1262.865112
-345.613525 -1266.333740
-358.341797 -1268.716309
-368.701416 -1263.352905
-386.513214 -1280.697510
-401.764709 -1289.302734
-420.824646 -1308.122437
-427.066742 -1289.999390
-442.026489 -1296.260376
-457.130219 -1302.356812
-467.302063 -1295.239014
-482.945435 -1301.973999
-496.472168 -1302.980103
-520.496643 -1328.747314
-535.141663 -1331.221802
-548.260742 -1329.879150
-558.113770 -1321.113770
-579.580566 -1337.705322
-588.157593 -1325.982300
-612.651184 -1347.536865
-632.702209 -1358.896729
-645.348267 -1354.826416
-668.504944 -1371.085327
-683.615173 -1371.110962
-694.992371 -1363.929199
-715.437561 -1373.310181
-741.964661 -1392.906250
-747.056152 -1373.940308
