-788.029419 1617.900635
-773.792297 1624.999023
-797.724915 1711.234497
652.049561 1669.362549
658.177979 1641.448853
678.726990 1651.770020
686.163330 1628.420044
701.193481 1624.504517
715.431580 1618.606934
729.222900 1611.666504
783.687561 1582.745605
796.254700 1573.427490
809.601257 1565.805420
823.322998 1558.963989
834.695129 1547.558105
848.722290 1541.383301
864.595947 1538.605957
878.078247 1531.285645
889.053040 1519.485474
902.367554 1511.952515
915.615784 1504.303711
919.593567 1481.070190
941.909546 1488.660522
954.426819 1479.817139
967.392639 1471.715210
980.287292 1463.500244
999.689270 1465.208862
1013.081482 1457.543945
1021.911072 1443.144775
1031.134277 1429.525391
1047.121338 1425.655762
1063.700684 1422.428101
1072.022339 1407.729614
1087.944580 1403.411743
1116.581543 1415.639526
1113.675781 1386.357910
1125.819946 1376.869751
1137.254883 1366.496216
1149.857666 1357.577393
1172.619751 1360.844971
1173.554932 1337.868530
1197.676147 1342.253540
1213.388306 1336.545044
1233.084717 1335.141479
1236.036621 1314.990479
1249.589844 1306.640259
1258.977661 1293.784180
1273.765991 1286.643433
1290.616089 1281.492432
1296.206421 1264.782715
1327.878174 1274.122925
1337.602173 1261.374268
1351.536499 1252.702881
1359.591919 1238.403442
1381.450439 1236.957031
1393.020996 1225.810303
1393.308716 1204.568237
1403.855835 1192.646729
1427.934692 1192.383423
1437.611084 1179.514160
1477.922729 1192.145264
1478.291138 1171.260864
1498.682983 1166.736206
1512.822388 1156.992188
1518.996338 1140.968506
1556.047729 1148.532837
1550.875977 1123.825073
1575.228516 1121.175415
1587.475830 1109.422363
1621.684570 1113.124512
1605.953979 1081.543701
1604.673706 1060.455078
1615.618286 1047.805786
1622.279907 1032.305420
1673.367188 1045.441284
1706.195435 1046.023193
1727.251953 1038.744385
1750.872925 1032.734253
1745.296997 1009.007202
1760.171021 997.548035
1779.316040 988.387573
1787.089478 972.617371
1821.899292 971.698059
1836.564209 959.358643
1860.884521 951.959595
1867.431396 935.051758
1875.608521 919.003174
1912.345337 917.037170
1929.370483 904.941711
1943.613770 891.339722
1983.191528 889.281128
1996.435425 874.688477
2024.217773 866.376831
2023.520630 845.409912
2047.509277 834.963440
2054.805908 817.347290
2096.314941 813.378662
2103.421387 795.337280
2112.240723 777.943298
2168.761719 778.108582
2182.145996 761.801758
2216.177979 752.574524
2222.749268 733.489502
2232.952881 715.600586
2272.535156 707.040894
2305.447510 695.768982
2305.774414 674.177917
2368.301514 670.823975
2374.153564 650.414673
2418.419189 640.476196
2422.070557 619.121460
2451.700439 604.398560
2460.855469 584.214783
2533.111328 578.815857
2532.302246 555.647522
2560.596924 538.903687
2565.290527 516.821289
2613.927002 503.477783
2619.291992 481.117798
2698.266357 472.049103
2720.111328 451.816101
2724.039062 428.345001
2813.749268 418.075195
2824.306641 394.792664
2890.157227 378.910095
2881.538330 352.443481
2965.031006 337.087952
3143.824219 193.926971
3352.950684 91.448929
3368.706055 62.796280
3436.208252 34.556992
3463.467529 4.970520
3588.466309 -25.515930
5165.930176 -1031.102783
5118.641602 -1067.918945
5072.081055 -1104.200195
5099.403320 -1156.523193
5284.854492 -1246.765259
5071.240723 -1526.488770
5038.714844 -1564.470947
5024.958984 -1608.098633
4999.426270 -1647.846802
4953.695801 -1680.520996
4952.147949 -1728.018066
4878.258301 -1797.694580
4877.436035 -1845.581909
4887.328613 -1897.939697
4814.011719 -1917.629639
4827.725586 -1971.778442
5021.170410 -2861.260010
993.888855 -2359.947266
969.269165 -2358.030518
948.743408 -2366.115967
910.078979 -2326.329834
880.140747 -2307.630615
843.162231 -2267.881592
828.373169 -2289.030762
791.097107 -2244.754883
766.555969 -2236.094727
747.101929 -2242.415771
715.731812 -2210.365967
691.604919 -2199.965820
664.633789 -2178.752686
636.455017 -2151.462891
614.851074 -2146.039307
593.133545 -2139.435303
570.098755 -2126.800049
544.475464 -2102.270752
522.301270 -2090.111572
502.585510 -2087.479248
478.709656 -2065.117188
463.405945 -2081.660156
439.068237 -2053.956543
419.910431 -2050.549561
400.665161 -2045.980347
378.142334 -2021.519897
358.325195 -2010.641724
340.854126 -2013.408813
319.628754 -1990.292358
303.685242 -2002.631348
283.257355 -1981.113892
262.285614 -1951.448975
245.334747 -1953.380249
228.668243 -1958.148315
209.830170 -1939.869995
191.243347 -1920.416138
174.565964 -1921.728638
156.896759 -1907.927612
140.272980 -1907.942627
123.466530 -1903.816528
106.936607 -1904.538330
88.751953 -1851.140869
72.770287 -1855.560791
56.650322 -1854.841919
40.454315 -1832.982666
24.545692 -1832.982544
8.624580 -1833.843750
-6.679527 -1805.572632
-22.072327 -1796.166626
-37.892845 -1801.617676
-53.476807 -1799.936401
-68.753319 -1793.127563
-84.309982 -1792.176147
-97.782730 -1763.165894
-113.076828 -1761.962158
-126.255310 -1737.721680
-144.432114 -1767.114502
-156.384033 -1734.687744
-169.194168 -1714.105469
-184.057434 -1712.280518
-199.039047 -1711.316772
-212.298416 -1698.345215
-228.543732 -1706.028320
-241.726807 -1693.815796
-254.547394 -1680.517456
-269.114319 -1677.948975
-282.539093 -1669.358765
-298.178101 -1672.431030
-382.268311 -1643.154175
-388.866211 -1610.461060
-402.290619 -1604.793457
-413.205231 -1590.351440
-430.337189 -1597.922485
-440.718292 -1582.332275
-454.421265 -1578.142822
-464.428833 -1562.405151
-477.957001 -1558.009644
-491.446289 -1553.496094
-502.917603 -1543.200562
-518.304260 -1544.117065
-535.478149 -1549.572021
-575.214233 -1533.247681
-572.959167 -1489.939209
-591.264771 -1497.510132
-599.484924 -1480.984741
-612.297485 -1475.413696
-634.096680 -1489.789917
-635.262268 -1458.488403
-650.863098 -1458.937134
-663.481323 -1452.918701
-674.277344 -1443.202759
-689.007812 -1441.445312
-708.340027 -1448.429688
-710.155212 -1421.555298
-721.971558 -1414.139893
-748.625793 -1433.804321
-750.271240 -1407.738525
-758.965332 -1394.777100
-774.545898 -1393.864502
-783.012451 -1380.753174
-798.574768 -1379.568848
-810.494690 -1372.264282
-819.148804 -1359.781738
-832.518188 -1354.821411
-857.928223 -1368.128784
